0 11 0 
1 11 0 
2 11 0 
3 11 0 
4 11 0 
5 11 0 
6 11 0 
7 11 0 
8 11 0 
9 11 0 
10 11 0 
11 11 0 
12 11 0 
13 11 0 
14 11 0 
15 11 0 
16 11 0 
17 11 0 
18 11 0 
19 11 0 
20 11 0 
21 11 0 
22 11 0 
23 11 0 
24 11 0 
25 11 0 
26 11 0 
27 11 0 
28 11 0 
29 11 0 
30 11 0 
31 11 0 
32 11 0 
33 11 0 
34 11 0 
35 11 0 
36 11 0 
37 11 0 
38 11 0 
39 11 0 
40 11 0 
41 11 0 
42 11 0 
43 11 0 
44 11 0 
45 11 0 
46 11 0 
47 11 0 
48 11 0 
49 11 0 
50 11 0 
51 11 0 
52 11 0 
53 11 0 
54 11 0 
55 11 0 
56 11 0 
57 11 0 
58 11 0 
59 11 0 
60 11 0 
61 11 0 
62 11 0 
63 11 0 
64 11 0 
65 11 0 
66 11 0 
67 11 0 
68 11 0 
112 11 0 
113 11 0 
71 11 0 
72 11 0 
73 11 0 
74 11 0 
75 11 0 
76 11 0 
77 11 0 
78 11 0 
79 11 0 
80 11 0 
81 11 0 
82 11 0 
83 11 0 
84 11 0 
85 11 0 
114 11 0 
115 11 0 
116 11 0 
89 11 0 
90 11 0 
91 11 0 
92 11 0 
93 11 0 
94 11 0 
95 11 0 
96 11 0 
97 11 0 
98 11 0 
99 11 0 
100 11 0 
101 11 0 
102 11 0 
103 11 0 
104 11 0 
105 11 0 
106 11 0 
107 11 0 
108 11 0 
109 11 0 
110 11 0 
111 11 0 
117 11 0 
118 11 0 
119 11 0 
120 11 0 
121 11 0 
122 11 0 
123 11 0 
124 11 0 
125 11 0 
126 11 0 
127 11 0 
128 11 0 
129 11 0 
130 11 0 
131 11 0 
132 11 0 
133 11 0 
134 11 0 
135 11 0 
136 11 0 
137 11 0 
138 11 0 
139 11 0 
140 11 0 
141 11 0 
142 11 0 
143 11 0 
144 11 0 
145 11 0 
146 11 0 
147 11 0 
148 11 0 
149 11 0 
150 11 0 
151 11 0 
152 11 0 
156 11 0 
157 11 0 
158 11 0 
159 11 0 
160 11 0 
161 11 0 
162 11 0 
163 11 0 
164 11 0 
165 11 0 
166 11 0 
167 11 0 
168 11 0 
169 11 0 
170 11 0 
171 11 0 
172 11 0 
173 11 0 
174 11 0 
175 11 0 
176 11 0 
177 11 0 
178 11 0 
179 11 0 
180 11 0 
181 11 0 
182 11 0 
183 11 0 
184 11 0 
185 11 0 
186 11 0 
187 11 0 
188 11 0 
189 11 0 
190 11 0 
191 11 0 
192 11 0 
193 11 0 
194 11 0 
195 11 0 
196 11 0 
197 11 0 
198 11 0 
199 11 0 
200 11 0 
201 11 0 
202 11 0 
203 11 0 
204 11 0 
205 11 0 
206 11 0 
207 11 0 
208 11 0 
209 11 0 
210 11 0 
211 11 0 
212 11 0 
213 11 0 
214 11 0 
215 11 0 
216 11 0 
217 11 0 
218 11 0 
219 11 0 
220 11 0 
20 7 1 
22 7 1 
24 7 1 
77 7 1 
79 7 1 
80 3 1 
81 3 1 
82 3 1 
83 3 1 
84 3 1 
85 3 1 
86 3 1 
87 3 1 
92 3 1 
93 3 1 
94 3 1 
95 7 1 
100 7 1 
101 7 1 
118 7 1 
121 3 1 
122 3 1 
123 3 1 
128 3 1 
129 7 1 
130 7 1 
131 3 1 
168 7 1 
169 7 1 
171 7 1 
21 7 2 
23 7 2 
22 3 2 
78 7 2 
95 3 2 
106 7 2 
109 7 2 
109 3 2 
112 7 2 
129 3 2 
130 3 2 
170 7 2 
134 10 4 
135 10 4 
136 10 4 
137 10 4 
135 9 4 
136 9 4 
137 9 4 
136 8 4 
137 8 4 
137 7 4 
140 10 4 
141 10 4 
142 10 4 
143 10 4 
140 9 4 
141 9 4 
142 9 4 
140 8 4 
141 8 4 
140 7 4 
148 10 4 
149 10 4 
150 10 4 
151 10 4 
152 10 4 
149 9 4 
150 9 4 
151 9 4 
152 9 4 
150 8 4 
151 8 4 
152 8 4 
151 7 4 
152 7 4 
156 10 4 
157 10 4 
158 10 4 
159 10 4 
156 9 4 
157 9 4 
158 9 4 
156 8 4 
157 8 4 
156 7 4 
183 10 4 
184 10 4 
185 10 4 
186 10 4 
187 10 4 
188 10 4 
189 10 4 
190 10 4 
191 10 4 
184 9 4 
185 9 4 
186 9 4 
187 9 4 
188 9 4 
189 9 4 
190 9 4 
191 9 4 
185 8 4 
186 8 4 
187 8 4 
188 8 4 
189 8 4 
190 8 4 
191 8 4 
186 7 4 
187 7 4 
188 7 4 
189 7 4 
190 7 4 
191 7 4 
187 6 4 
188 6 4 
189 6 4 
190 6 4 
191 6 4 
188 5 4 
189 5 4 
190 5 4 
191 5 4 
189 4 4 
190 4 4 
191 4 4 
190 3 4 
191 3 4 
191 2 4 
199 10 4 
29 10 8
30 10 9
29 9 6
30 9 7
39 10 8
40 10 9
39 9 8
40 9 9
39 8 6
40 8 7
49 10 8
50 10 9
49 9 8
50 9 9
49 8 8
50 8 9
49 7 6
50 7 7
59 10 8
60 10 9
59 9 8
60 9 9
59 8 8
60 8 9
59 7 6
60 7 7
162 10 8
163 10 9
162 9 6
163 9 7
175 10 8
176 10 9
175 9 6
176 9 7

