20 1 17
26 2 17
27 2 17
32 1 17
55 2 17
56 2 17
72 1 17
73 1 17
92 0 17
95 0 17
101 1 17
102 1 17
130 1 17
131 1 17
132 1 17
150 2 17
151 2 17
170 1 17
180 1 17
1 10 8
2 9 8
2 10 13
3 10 12
3 9 12
3 8 9
5 10 10
4 9 10
4 10 13
16 10 8
17 10 13
17 9 9
18 10 10
43 10 8
44 9 8
44 10 13
45 10 12
45 9 12
45 8 9
47 10 10
46 9 10
46 10 13
102 10 8
103 9 8
103 10 13
104 10 12
104 9 12
104 8 9
106 10 10
105 9 10
105 10 13
120 10 8
121 10 13
121 9 9
122 10 10
7 10 18
8 10 18
15 10 18
28 10 18
34 10 18
35 10 18
52 10 18
53 10 18
93 10 18
106 10 18
130 10 18
131 10 18
170 10 18
171 10 18
190 10 18
194 10 18
205 10 7
205 9 7
205 8 0
206 10 7
206 9 7
206 8 4
207 10 6
207 9 5
207 8 4
208 10 7
208 9 7
208 8 4
209 10 7
209 9 7
209 8 0
206 7 1
206 6 0
207 7 7
207 6 0
208 7 3
208 6 0
199 9 15
199 8 15
199 7 15
199 6 15
199 5 15
199 4 15
199 3 15
199 2 11
